echo "============ 64, 10000, 10000, .0010  ================="
./particles 262144 10000 10000 .0010 64
./particles 262144 10000 10000 .0010 64
./particles 262144 10000 10000 .0010 64
./particles 262144 10000 10000 .0010 64
./particles 262144 10000 10000 .0010 64
./particles 262144 10000 10000 .0010 64
./particles 262144 10000 10000 .0010 64
./particles 262144 10000 10000 .0010 64
./particles 262144 10000 10000 .0010 64
./particles 262144 10000 10000 .0010 64

echo "============ 64, 10000, 20000, .0010  ================="
./particles 262144 10000 20000 .0010 64
./particles 262144 10000 20000 .0010 64
./particles 262144 10000 20000 .0010 64
./particles 262144 10000 20000 .0010 64
./particles 262144 10000 20000 .0010 64
./particles 262144 10000 20000 .0010 64
./particles 262144 10000 20000 .0010 64
./particles 262144 10000 20000 .0010 64
./particles 262144 10000 20000 .0010 64
./particles 262144 10000 20000 .0010 64

echo "============ 64, 10000, 10000, .0025  ================="
./particles 262144 10000 10000 .0025 64
./particles 262144 10000 10000 .0025 64
./particles 262144 10000 10000 .0025 64
./particles 262144 10000 10000 .0025 64
./particles 262144 10000 10000 .0025 64
./particles 262144 10000 10000 .0025 64
./particles 262144 10000 10000 .0025 64
./particles 262144 10000 10000 .0025 64
./particles 262144 10000 10000 .0025 64
./particles 262144 10000 10000 .0025 64

echo "============ 64, 10000, 20000, .0025  ================="
./particles 262144 10000 20000 .0025 64
./particles 262144 10000 20000 .0025 64
./particles 262144 10000 20000 .0025 64
./particles 262144 10000 20000 .0025 64
./particles 262144 10000 20000 .0025 64
./particles 262144 10000 20000 .0025 64
./particles 262144 10000 20000 .0025 64
./particles 262144 10000 20000 .0025 64
./particles 262144 10000 20000 .0025 64
./particles 262144 10000 20000 .0025 64

echo "============ 128, 10000, 10000, .0010  ================="
./particles 2097152 10000 10000 .0010 128
./particles 2097152 10000 10000 .0010 128
./particles 2097152 10000 10000 .0010 128
./particles 2097152 10000 10000 .0010 128
./particles 2097152 10000 10000 .0010 128
./particles 2097152 10000 10000 .0010 128
./particles 2097152 10000 10000 .0010 128
./particles 2097152 10000 10000 .0010 128
./particles 2097152 10000 10000 .0010 128
./particles 2097152 10000 10000 .0010 128

echo "============ 128, 10000, 20000, .0010  ================="
./particles 2097152 10000 20000 .0010 128
./particles 2097152 10000 20000 .0010 128
./particles 2097152 10000 20000 .0010 128
./particles 2097152 10000 20000 .0010 128
./particles 2097152 10000 20000 .0010 128
./particles 2097152 10000 20000 .0010 128
./particles 2097152 10000 20000 .0010 128
./particles 2097152 10000 20000 .0010 128
./particles 2097152 10000 20000 .0010 128
./particles 2097152 10000 20000 .0010 128

echo "============ 128, 10000, 10000, .0025  ================="
./particles 2097152 10000 10000 .0025 128
./particles 2097152 10000 10000 .0025 128
./particles 2097152 10000 10000 .0025 128
./particles 2097152 10000 10000 .0025 128
./particles 2097152 10000 10000 .0025 128
./particles 2097152 10000 10000 .0025 128
./particles 2097152 10000 10000 .0025 128
./particles 2097152 10000 10000 .0025 128
./particles 2097152 10000 10000 .0025 128
./particles 2097152 10000 10000 .0025 128

echo "============ 128, 10000, 20000, .0025  ================="
./particles 2097152 10000 20000 .0025 128
./particles 2097152 10000 20000 .0025 128
./particles 2097152 10000 20000 .0025 128
./particles 2097152 10000 20000 .0025 128
./particles 2097152 10000 20000 .0025 128
./particles 2097152 10000 20000 .0025 128
./particles 2097152 10000 20000 .0025 128
./particles 2097152 10000 20000 .0025 128
./particles 2097152 10000 20000 .0025 128
./particles 2097152 10000 20000 .0025 128







#echo "============ 512, 1000, .0010  ================="
#./particles 134217728 1000 .0010 512
#./particles 134217728 1000 .0010 512
#./particles 134217728 1000 .0010 512
#echo "============ 128, 10000, .0010  ================="
#echo "============ 64, 10000, .0010  ================="
#echo "============ 512, 10000, .0010  ================="
#./particles 134217728 10000 .0010 512
#./particles 134217728 10000 .0010 512
#./particles 134217728 10000 .0010 512
#echo "============ 128, 100000, .0010  ================="
#echo "============ 64, 100000, .0010  ================="
#echo "============ 512, 100000, .0010  ================="
#./particles 134217728 100000 .0010 512
#./particles 134217728 100000 .0010 512
#./particles 134217728 100000 .0010 512
#echo "============ 128, 1000, .0025  ================="
#echo "============ 64, 1000, .0025  ================="
#echo "============ 512, 1000, .0025  ================="
#./particles 134217728 1000 .0025 512
#./particles 134217728 1000 .0025 512
#./particles 134217728 1000 .0025 512
#echo "============ 128, 10000, .0025  ================="
#echo "============ 64, 10000, .0025  ================="
#echo "============ 512, 10000, .0025  ================="
#./particles 134217728 10000 .0025 512
#./particles 134217728 10000 .0025 512
#./particles 134217728 10000 .0025 512
#echo "============ 128, 100000, .0025  ================="
#echo "============ 64, 100000, .0025  ================="
#echo "============ 512, 100000, .0025  ================="
#./particles 134217728 100000 .0025 512
#./particles 134217728 100000 .0025 512
#./particles 134217728 100000 .0025 512
